  0   0   0
  0   0   8
  0   0  17
  0   0  25
  0   0  34
  0   0  42
  0   0  51
  0   0  59
  0   0  68
  0   0  76
  0   0  85
  0   0  93
  0   0 102
  0   0 110
  0   0 119
  0   0 127
  0   0 136
  0   0 144
  0   0 153
  0   0 161
  0   0 170
  0   0 178
  0   0 187
  0   0 195
  0   0 204
  0   0 212
  0   0 221
  0   0 229
  0   0 238
  0   0 246
  0   0 255
  8   8 255
 17  17 255
 25  25 255
 34  34 255
 42  42 255
 51  51 255
 59  59 255
 68  68 255
 76  76 255
 85  85 255
 93  93 255
102 102 255
110 110 255
119 119 255
127 127 255
136 136 255
144 144 255
153 153 255
161 161 255
170 170 255
178 178 255
187 187 255
195 195 255
204 204 255
212 212 255
221 221 255
229 229 255
238 238 255
246 246 255
255 255 255
255 246 246
255 238 238
255 229 229
255 221 221
255 212 212
255 204 204
255 195 195
255 187 187
255 178 178
255 170 170
255 161 161
255 153 153
255 144 144
255 136 136
255 127 127
255 119 119
255 110 110
255 102 102
255  93  93
255  85  85
255  76  76
255  68  68
255  59  59
255  51  51
255  42  42
255  34  34
255  25  25
255  17  17
255   8   8
