  0   0   0 
  2   2   2 
  5   5   5 
  8   8   8 
 11  11  11 
 14  14  14 
 17  17  17 
 19  19  19 
 22  22  22 
 25  25  25 
 28  28  28 
 31  31  31 
 34  34  34 
 36  36  36 
 39  39  39 
 42  42  42 
 45  45  45 
 48  48  48 
 51  51  51 
 54  54  54 
 56  56  56 
 59  59  59 
 62  62  62 
 65  65  65 
 68  68  68 
 71  71  71 
 73  73  73 
 76  76  76 
 79  79  79 
 82  82  82 
 85  85  85 
 88  88  88 
 91  91  91 
 93  93  93 
 96  96  96 
 99  99  99 
102 102 102 
105 105 105 
108 108 108 
110 110 110 
113 113 113 
116 116 116 
119 119 119 
122 122 122 
125 125 125 
127 127 127 
130 130 130 
133 133 133 
136 136 136 
139 139 139 
142 142 142 
145 145 145 
147 147 147 
150 150 150 
153 153 153 
156 156 156 
159 159 159 
162 162 162 
164 164 164 
167 167 167 
170 170 170 
173 173 173 
176 176 176 
179 179 179 
182 182 182 
184 184 184 
187 187 187 
190 190 190 
193 193 193 
196 196 196 
199 199 199 
201 201 201 
204 204 204 
207 207 207 
210 210 210 
213 213 213 
216 216 216 
219 219 219 
221 221 221 
224 224 224 
227 227 227 
230 230 230 
233 233 233 
236 236 236 
238 238 238 
241 241 241 
244 244 244 
247 247 247 
250 250 250 
253 253 253 
